555
788
885
753
332
139
341
714
88
129
855
202
135
719
751
39
881
572
901
707
762
765
254
605
311
579
780
85
161
757
19
119
216
981
338
481
107
577
434
763
160
712
970
566
336
776
478
429
966
884
527
446
567
667
896
944
488
368
18
92
665
187
779
815
105
638
195
30
226
466
722
275
726
746
244
56
602
240
143
201
817
864
95
271
780
50
376
42
65
907
852
758
838
172
465
288
878
444
812
727
155
177
363
383
480
500
19
360
580
988
29
551
787
388
371
689
212
669
5
428
452
527
407
988
981
831
748
175
557
67
843
652
812
232
726
718
971
869
414
299
447
667
947
171
126
621
938
469
914
468
643
801
638
568
21
85
697
397
984
894
906
308
571
799
781
955
399
350
412
280
588
722
258
962
166
916
352
747
19
657
543
784
5
739
637
81
867
798
843
934
617
339
592
682
475
87
170
192
408
618
824
921
212
954
494
277
367
702
134
238
33
244
227
518
888
943
216
216
735
87
201
742
129
281
874
431
775
337
107
951
869
204
65
878
372
118
432
726
886
713
165
971
100
918
10
821
770
988
361
298
806
10
390
449
603
657
883
838
384
672
871
508
167
591
162
607
650
361
186
654
162
747
667
444
687
311
652
519
283
235
393
181
33
512
524
655
895
147
156
800
745
320
547
634
970
899
198
612
579
523
50
960
582
932
342
743
513
343
883
924
37
421
170
767
824
365
292
643
632
522
648
337
473
368
408
758
736
712
91
201
114
909
211
830
626
218
547
961
62
468
669
709
591
73
269
743
191
148
416
474
418
428
353
428
64
503
742
547
665
431
83
340
859
725
469
551
665
305
993
225
915
950
108
642
535
48
368
759
807
423
798
969
624
313
255
87
474
625
744
459
514
810
465
886
783
354
868
239
81
756
853
414
226
988
993
686
790
201
443
933
525
265
25
153
943
381
647
935
656
135
10
189
343
969
511
710
226
616
125
366
604
761
729
711
738
643
497
187
634
541
42
794
748
945
965
567
669
121
216
86
722
785
186
937
955
237
865
788
56
636
959
989
968
709
153
88
287
809
826
593
983
66
744
627
3
322
686
809
32
127
762
211
85
414
111
763
189
53
629
697
738
677
232
244
116
424
919
593
690
999
709
377
848
871
757
374
186
45
274
110
64
960
797
804
306
998
891
779
758
169
509
980
759
467
489
922
168
736
417
244
786
580
859
595
179
133
49
716
376
385
34
520
971
491
593
170
504
138
76
289
549
114
808
455
632
895
258
633
886
559
873
328
440
688
667
494
32
266
725
837
518
846
183
509
300
672
790
813
288
664
436
644
859
263
661
672
661
8
980
175
667
349
342
868
540
316
276
604
409
537
183
425
507
325
687
135
73
231
397
509
825
35
953
390
87
768
270
920
637
87
381
165
90
872
712
625
997
919
512
875
411
519
960
368
568
181
964
107
419
441
180
769
772
936
61
349
346
326
434
991
144
802
335
571
601
210
470
327
748
649
414
612
89
798
889
593
412
166
644
956
337
421
812
307
577
449
639
306
316
712
553
645
328
755
464
785
56
218
938
974
752
50
238
7
592
573
632
461
776
497
809
97
771
835
30
641
479
117
87
325
388
246
323
682
282
473
74
14
952
833
499
69
994
363
456
68
251
52
991
140
956
13
521
833
307
356
632
492
207
877
717
661
594
344
565
433
717
220
123
193
533
137
318
482
755
756
458
800
524
292
766
199
322
294
821
167
271
788
852
48
128
521
388
72
599
744
335
458
102
870
561
90
113
204
695
247
323
738
963
79
52
465
211
617
889
319
70
215
876
496
144
11
430
547
464
435
314
483
232
296
708
975
661
827
674
813
681
577
626
290
949
641
548
572
314
275
873
76
705
492
316
54
369
431
271
219
970
102
506
657
232
209
312
473
998
98
514
955
553
80
209
606
932
439
956
797
898
421
513
141
742
893
192
133
836
713
338
967
53
659
815
645
80
211
263
368
344
84
471
279
101
520
583
573
973
257
985
831
212
730
860
20
386
277
83
501
236
654
120
30
309
479
196
918
647
557
499
812
972
915
882
498
679
102
479
215
354
985
743
296
59
468
318
792
766
714
406
976
880
755
468
242
174
865
57
34
24
639
376
399
920
481
515
542
671
80
203
282
812
768
21
680
943
405
49
520
263
744
790
680
36
561
130
937
740
656
499
874
851
748
616
273
327
818
129
625
19
498
498
801
521
88
724
81
782
289
556
835
409
204
808
327
876
300
263
486
550
259
689
588
423
25
775
208
525
620
654
8
524
188
431
442
680
364
735
64
154
490
767
799
266
622
771
536
14
777
911
990
42
180
94
227
943
325
964
21
559
70
84
23
80
838
524
869
543
669
24
991
54
874
276
818
982
718
171
974
582
131
958
596
245
537
326
645
561
916
174
702
695
461
855
374
249
336
371
237
687
85
649
688
508
850
658
554
34
783
284
325
672
665
156
377
83
507
65
380
323
970
983
923
776
490
255
836
883
251
276
3
735
248
158
504
345
174
557
689
101
266
386
815
331
721
794
54
813
445
875
996
397
825
53
440
5
958
979
256
550
783
265
56
540
809
745
287
450
496
945
948
722
94
582
89
80
365
47
983
480
119
427
275
69
812
877
167
35
716
441
11
551
741
767
982
214
783
600
824
683
254
550
810
909
168
281
656
392
928
663
853
515
794
43
400
922
328
738
214
508
36
946
151
472
175
436
382
523
201
515
627
165
817
461
667
910
168
954
219
883
362
123
808
69
597
68
923
724
724
237
971
279
78
669
268
423
331
880
246
845
750
460
57
81
521
790
840
421
734
786
491
1
746
698
457
584
471
326
477
75
90
765
457
884
657
731
496
654
193
804
265
843
167
505
481
446
742
440
343
586
553
528
566
490
505
221
567
411
17
440
701
711
552
971
917
611
638
124
821
707
555
400
52
93
149
666
579
643
56
572
123
533
970
413
550
462
727
243
602
886
187
515
84
360
439
527
993
892
310
711
3
728
871
347
385
691
437
600
112
890
542
369
49
606
681
8
323
629
772
877
187
793
53
526
120
190
815
128
788
215
543
69
344
228
407
654
503
109
898
834
383
930
17
40
155
829
270
58
148
1000
272
259
872
132
806
322
923
897
15
263
798
677
329
109
230
15
857
584
39
107
282
842
240
179
569
353
936
211
137
178
529
181
58
780
676
351
760
926
77
242
577
443
216
660
550
688
588
496
190
426
88
125
231
429
611
580
254
27
48
206
337
697
50
150
468
89
4
650
577
3
317
887
843
901
929
229
436
765
123
145
645
724
674
51
199
349
665
911
864
878
76
487
816
279
840
409
340
161
730
141
810
393
851
794
822
964
218
665
340
245
922
569
896
581
981
757
299
762
953
83
694
443
531
711
332
995
106
368
483
461
349
152
363
39
503
985
330
449
593
694
967
903
777
672
653
821
122
563
994
932
804
536
545
50
621
444
302
94
64
193
976
708
589
531
491
293
105
622
150
428
960
30
674
924
864
191
597
366
904
774
870
65
89
847
418
818
715
240
493
695
11
958
869
951
107
503
108
453
802
160
804
764
382
831
640
132
368
996
912
317
295
836
629
476
224
654
350
356
876
402
27
95
90
29
712
957
950
810
476
380
586
654
546
881
156
707
695
758
552
720
750
645
728
254
329
651
473
662
352
832
96
377
678
694
917
376
794
287
862
646
444
421
687
762
137
156
737
17
793
443
225
899
534
35
26
677
911
486
109
943
167
901
528
599
808
835
724
30
907
293
52
881
284
254
955
203
73
525
509
801
468
930
737
598
426
202
709
735
674
751
483
634
578
779
19
251
894
966
520
159
579
814
119
909
852
503
245
297
122
484
17
547
145
140
522
783
320
880
994
510
801
619
491
237
266
939
113
661
307
248
624
227
306
251
32
123
665
494
196
251
479
500
727
367
936
324
952
849
365
488
65
827
445
110
322
23
109
746
909
766
177
669
298
623
259
461
772
194
643
181
884
934
521
126
261
800
751
125
199
917
442
263
144
641
914
91
519
769
808
551
291
110
424
830
500
267
751
344
400
514
983
98
177
145
640
527
53
690
729
295
990
859
919
552
242
252
429
730
830
767
581
855
551
301
70
363
561
246
431
88
100
184
634
581
491
597
660
192
455
942
349
441
316
821
395
514
769
89
260
172
854
179
227
147
881
649
66
532
810
536
562
702
272
895
191
47
74
738
127
608
267
580
571
788
304
145
727
773
652
635
551
336
718
507
875
841
689
354
773
682
405
385
592
120
300
686
651
919
239
287
910
888
505
444
925
567
148
680
562
345
195
256
159
454
782
567
939
485
190
130
274
947
460
648
571
636
579
781
428
612
885
3
537
174
207
471
687
857
370
574
762
704
174
752
226
281
351
956
913
405
268
660
320
894
26
139
406
454
506
522
829
914
506
378
101
674
64
936
269
323
218
113
217
548
522
179
403
894
239
646
796
460
388
5
914
989
402
28
991
679
57
775
762
519
752
168
362
768
738
546
625
457
859
349
782
635
739
406
197
254
52
579
452
828
410
50
266
644
861
291
384
395
464
504
291
919
950
692
209
445
733
294
148
129
660
106
950
978
819
398
724
144
626
926
52
98
400
46
55
979
278
865
727
21
701
314
355
861
226
601
451
816
769
482
414
16
349
28
818
366
141
827
84
625
132
184
505
287
421
593
464
747
857
934
33
472
792
861
892
859
852
592
914
665
8
828
575
364
352
797
575
845
68
92
338
598
907
634
309
727
201
341
222
84
628
232
606
379
718
401
999
113
261
153
208
525
792
334
453
865
725
185
685
556
384
415
159
950
441
967
988
749
418
102
714
888
807
939
545
419
637
472
375
661
322
583
211
357
980
332
307
106
614
677
432
927
309
820
141
273
476
659
452
282
76
416
194
796
568
537
892
222
112
617
209
579
379
460
282
995
379
631
744
105
220
843
836
886
316
725
543
675
741
405
716
698
687
16
557
321
223
48
889
504
899
483
356
295
506
363
194
53
627
271
999
794
832
774
236
573
286
751
66
196
834
10
301
871
355
36
542
120
883
871
82
496
232
360
393
767
204
350
451
768
618
183
188
499
860
401
219
879
787
259
602
881
361
540
879
458
323
578
85
342
288
664
776
783
839
188
555
68
579
935
548
230
113
821
916
859
200
40
513
835
566
747
147
451
314
562
366
491
433
21
992
252
131
996
910
590
914
345
39
333
932
109
7
657
700
453
799
13
648
198
955
936
727
303
676
195
257
134
959
275
683
589
869
863
194
430
629
708
640
749
231
71
638
245
266
450
753
742
825
403
184
110
160
529
612
245
974
921
480
581
230
968
532
857
550
209
941
541
739
682
167
720
908
122
261
133
511
13
760
680
905
556
487
319
458
662
110
798
256
707
170
311
987
571
315
10
977
418
715
186
794
815
470
56
702
86
963
340
390
986
226
337
17
431
334
297
856
431
516
265
804
674
533
589
790
364
545
239
695
354
652
684
793
301
934
335
310
762
997
131
72
361
134
867
504
29
220
212
578
587
304
262
497
606
569
910
647
283
605
352
544
848
377
51
952
450
814
909
26
224
341
233
403
250
805
661
238
782
666
393
832
771
279
181
47
559
767
931
247
151
521
397
501
238
842
927
167
159
775
744
980
510
299
462
216
884
198
960
995
161
519
95
275
440
195
495
230
93
175
234
28
609
722
39
836
362
718
185
855
516
889
50
130
701
127
170
24
384
986
547
79
376
812
503
241
471
444
219
190
503
96
101
112
953
50
181
423
797
238
856
342
889
867
419
38
309
408
566
553
454
944
518
930
137
441
495
587
795
58
682
903
823
859
972
369
599
985
111
732
854
890
133
941
838
61
913
326
118
750
321
285
918
721
281
516
589
253
113
81
763
243
755
409
587
47
213
585
547
646
590
533
351
184
438
644
970
769
446
220
647
250
35
378
256
677
21
709
684
425
964
880
871
589
832
271
4
23
984
184
990
616
148
612
182
19
183
766
316
897
927
813
949
579
784
960
291
874
558
738
446
522
554
727
34
817
734
949
97
206
572
254
986
200
244
373
113
429
100
438
113
29
766
44
160
325
548
677
659
408
847
32
977
227
992
307
924
600
894
310
541
874
124
911
173
879
170
879
344
943
674
399
217
753
656
739
71
390
848
750
431
655
180
232
724
885
416
920
338
635
507
209
782
910
655
711
646
740
574
631
603
404
860
347
336
874
490
964
472
247
788
669
960
572
494
34
76
743
799
96
287
77
699
826
491
154
41
649
857
622
566
59
942
204
670
297
930
609
98
552
87
387
597
370
768
22
135
441
399
549
300
70
902
581
1
110
759
311
130
263
248
258
912
415
201
669
176
381
694
184
72
631
336
387
852
491
133
613
520
370
219
167
679
78
361
810
140
422
462
366
999
344
886
75
278
674
63
166
308
160
166
320
208
539
981
607
403
188
581
401
351
289
753
676
770
181
555
859
842
439
30
442
345
824
613
44
223
707
962
350
584
973
935
322
749
389
34
496
706
136
292
607
15
178
123
437
786
736
589
195
715
727
73
237
812
932
739
736
297
987
230
868
468
515
447
580
725
217
503
251
439
285
753
882
162
821
872
296
722
420
409
321
481
317
241
68
320
663
515
351
421
136
549
550
617
734
303
307
139
188
172
996
555
999
487
93
721
841
122
224
95
790
355
370
148
565
680
664
611
209
980
689
363
889
570
654
624
29
378
647
658
466
322
984
388
831
215
748
776
689
492
545
657
260
313
52
649
411
824
670
852
354
628
624
228
361
899
370
23
988
174
674
414
449
486
635
207
705
425
204
541
139
845
163
422
278
900
570
270
21
737
784
843
960
523
315
32
464
527
916
53
82
162
395
807
521
775
646
884
125
190
508
298
8
302
143
320
107
444
969
597
228
44
933
831
11
904
698
855
846
935
972
940
137
455
363
141
33
22
640
275
787
453
252
693
776
7
244
30
669
144
307
348
904
89
670
978
613
955
789
913
890
930
376
51
167
109
441
16
843
851
401
684
203
567
341
976
195
127
386
215
2
841
486
541
889
775
778
963
220
198
381
37
743
89
879
526
735
901
995
412
619
34
72
707
675
713
495
304
379
493
90
881
569
196
939
522
191
661
87
961
923
924
628
198
603
405
545
36
727
742
56
549
754
920
650
634
884
497
745
899
939
356
626
14
198
836
342
970
333
385
402
110
183
718
740
923
181
623
21
843
415
351
735
992
966
449
856
375
969
845
920
975
652
813
877
566
240
787
66
801
873
815
880
967
698
791
316
574
16
55
951
297
568
337
509
573
746
895
383
727
678
202
972
443
896
712
331
403
719
526
173
841
415
261
345
67
276
47
822
387
238
727
49
452
304
798
377
217
318
394
673
457
295
449
198
752
22
77
783
970
186
666
913
669
632
987
462
199
607
834
879
408
996
206
738
689
674
981
141
263
636
979
295
313
51
6
668
783
109
383
482
838
103
642
185
200
302
21
329
300
382
570
997
242
737
378
95
339
411
893
11
840
955
264
858
868
654
180
578
868
378
383
827
21
451
812
236
666
299
562
28
383
346
894
895
346
110
963
625
788
738
478
838
436
745
410
100
369
825
762
736
266
407
1
405
781
310
959
435
108
51
693
448
424
455
970
406
838
518
99
903
710
839
261
508
774
712
626
307
167
915
810
820
54
279
564
661
797
418
453
406
182
603
46
812
601
279
662
370
336
636
874
636
790
407
889
480
963
655
336
266
696
231
521
771
650
481
521
300
991
421
483
122
256
572
773
568
919
258
649
505
75
348
416
742
305
686
554
327
501
704
128
677
354
834
645
863
342
397
26
555
9
332
818
328
760
371
534
657
325
31
393
732
385
406
118
996
709
360
449
309
381
334
427
518
183
154
314
931
746
719
608
155
889
666
163
199
874
426
869
685
243
676
773
908
285
490
366
744
395
141
398
768
532
648
113
182
271
423
95
695
431
400
68
196
71
296
22
488
231
497
460
875
424
507
813
78
661
361
839
296
314
365
281
865
57
831
131
261
731
729
308
691
140
239
268
510
482
93
811
67
871
657
282
492
573
763
825
109
809
554
584
6
675
369
354
952
933
305
719
851
163
393
185
646
490
44
905
896
611
554
931
464
241
753
143
232
721
77
265
752
434
453
715
192
710
344
857
196
312
648
790
319
494
198
174
338
504
703
43
196
969
102
228
22
894
481
218
599
157
776
573
110
880
683
943
142
442
715
551
887
217
908
249
2
372
17
475
197
311
649
275
448
789
393
535
975
861
82
